21 7 12
21 - 7
C 6 1 14
C 9 1 11
C 5 2 15
C 2 3 18
C 4 3 16
C 10 3 10
C 1 4 19
C 15 4 5
C 16 4 4
C 17 4 3
C 6 5 14
C 11 5 9
21 - 7
P 2 1 18
Done
21 - 7
E 10 1 10
21 - 7
0 1 1 19
0 3 1 17
0 4 1 16
0 5 1 15
0 7 1 13
0 8 1 12
0 11 1 9
0 12 1 8
0 13 1 7
0 14 1 6
0 16 1 4
0 17 1 3
0 1 2 19
0 8 2 12
0 11 2 9
0 12 2 8
0 14 2 6
0 15 2 5
0 16 2 4
0 17 2 3
0 1 3 19
0 5 3 15
0 6 3 14
0 7 3 13
0 8 3 12
0 9 3 11
0 14 3 6
0 4 4 16
0 6 4 14
0 7 4 13
0 14 4 6
0 1 5 19
0 2 5 18
0 5 5 15
0 7 5 13
0 8 5 12
0 9 5 11
0 10 5 10
0 12 5 8
0 13 5 7
0 14 5 6
0 15 5 5
0 16 5 4
0 17 5 3
21 - 7
1 0 0 20
1 1 0 19
1 2 0 18
1 3 0 17
1 4 0 16
1 5 0 15
1 6 0 14
1 7 0 13
1 8 0 12
1 9 0 11
1 10 0 10
1 11 0 9
1 12 0 8
1 13 0 7
1 14 0 6
1 15 0 5
1 16 0 4
1 17 0 3
1 18 0 2
1 19 0 1
1 20 0 0
1 0 1 20
1 15 1 5
1 18 1 2
1 19 1 1
1 20 1 0
1 0 2 20
1 2 2 18
1 3 2 17
1 4 2 16
1 6 2 14
1 7 2 13
1 9 2 11
1 10 2 10
1 13 2 7
1 18 2 2
1 19 2 1
1 20 2 0
1 0 3 20
1 3 3 17
1 11 3 9
1 12 3 8
1 13 3 7
1 15 3 5
1 16 3 4
1 17 3 3
1 18 3 2
1 19 3 1
1 20 3 0
1 0 4 20
1 2 4 18
1 3 4 17
1 5 4 15
1 8 4 12
1 9 4 11
1 10 4 10
1 11 4 9
1 12 4 8
1 13 4 7
1 18 4 2
1 19 4 1
1 20 4 0
1 0 5 20
1 3 5 17
1 4 5 16
1 18 5 2
1 19 5 1
1 20 5 0
1 0 6 20
1 1 6 19
1 2 6 18
1 3 6 17
1 4 6 16
1 5 6 15
1 6 6 14
1 7 6 13
1 8 6 12
1 9 6 11
1 10 6 10
1 11 6 9
1 12 6 8
1 13 6 7
1 14 6 6
1 15 6 5
1 16 6 4
1 17 6 3
1 18 6 2
1 19 6 1
1 20 6 0
U win
